2505	8206	6055	9327	8301	4483	2118	7275	8641	8816	5588	4606	2988	7399	9515	  93	4161	5648	4631	9444	 230	8563	2894	9673	2836	2555	7737	7090	1580	1017	2713

4290	9569	5842	5931	5009	2486	4740	5997	1993	6964	5108	5133	8265	4790	2274	8362	3246	6396	2591	7062	2480	5944	3086	 940	3579	8181	 497	4935	4663	6186	7329

5433	4167	 623	3028	6940	5830	  77	4293	6936	9472	3132	 442	7933	5779	2089	 846	5915	5456	6605	7014	1895	 158	4330	1842	3501	5278	1580	6797	 930	2840	9921

9028	2152	8281	5451	5202	7184	2731	7722	4251	 957	1049	2173	9002	8317	2130	1443	5819	2230	3874	4478	 199	6777	4085	5900	7276	5196	2260	 712	5033	8779	2213

2222	7331	1773	3692	8291	3936	6259	8496	1941	5771	3538	5769	9666	4635	6412	6161	2226	6330	5246	  36	2635	6028	9149	 585	4326	1655	8237	3342	7921	3659	3057

1800	5723	5061	4385	1152	 775	6895	5028	8916	 180	7133	6056	 894	 268	3561	1843	5660	9869	1047	4879	4320	1590	5393	8926	2505	6839	6730	9616	5013	5271	2646

3108	3479	6022	7930	5949	5559	9515	7611	3218	6591	1789	5490	1843	7456	2717	7713	1155	1735	4126	6628	4336	 332	9740	4217	9833	4677	4469	1632	8867	5466	3956

8703	1624	  27	3582	5746	7323	2294	4587	9247	 474	5039	 615	9198	6889	3352	2383	8462	4611	 347	8529	1048	2164	9936	 609	4489	9217	2857	9348	 252	8986	7737

7871	9252	6049	3705	7554	8369	4947	1792	 913	7994	6555	7792	6141	5808	8889	7365	2270	 423	3502	 734	7543	 247	4487	1716	2298	5866	5106	7315	7437	2143	4173

 994	 940	3002	9628	1775	4184	3942	 575	6138	7467	1894	7459	1665	9971	8631	9946	1828	8733	9467	5454	4184	4534	6674	3460	4347	1708	7727	1593	8566	6420	4876

 916	7304	8571	5433	1050	 238	8458	7106	2681	1541	4574	2506	9494	4232	8759	6357	3209	5368	5933	 135	9182	6742	7042	4981	3736	8968	2288	9549	8808	2525	3690

5897	1713	9456	 802	3390	4003	1438	4299	8397	3280	9033	5211	3513	1671	3456	8412	2590	1517	8186	9154	9074	1699	1887	3968	3813	3511	9021	4364	9403	4293	3128

6153	8959	5323	7316	 954	6871	 740	2863	7576	6136	2905	 878	6466	4920	7762	2414	 439	5573	7706	 541	6038	7189	3637	9026	4218	4056	4902	 512	7981	9405	 829

7713	3606	6553	1122	9732	6637	4545	9432	9096	5231	9245	5481	1974	3217	5402	4510	5836	1156	9567	6617	 151	 674	5902	6419	4617	9201	5432	8490	4886	7663	1465

2587	3560	5162	1342	1612	3132	2349	2285	9238	6676	 402	4487	6853	2611	4443	5403	6134	 635	2080	 904	8386	6739	3136	8691	2231	3179	5003	5318	7981	7969	1464

1766	1568	1435	7821	9639	4082	4997	 760	9316	7373	6426	1179	5032	6464	4765	4344	2244	7196	9407	4714	5373	6162	9680	 327	1260	3243	8384	7159	 477	3562	2321

7411	5198	2492	5756	9346	1684	7891	1020	7409	9942	4406	5997	8919	5604	2023	6348	8659	   5	8218	 566	2692	5786	1934	 683	4440	9021	6080	2267	7953	6007	1887

7550	2567	9958	5942	6916	4062	8681	5360	5357	6501	 528	 336	9349	3302	2023	 713	1424	1281	3799	1545	 226	5905	6633	2714	2667	5812	7561	1160	 516	9171	6809

 558	8638	1602	5805	3410	8447	7648	7468	6133	 432	8297	9300	 799	8005	5799	 313	9076	7512	6851	6839	1421	8878	1833	8454	2815	6029	9453	3301	 969	4125	5102

4452	2750	2474	9890	4746	5361	3364	7384	9433	6797	7788	9232	7088	2406	2028	9278	1234	3606	2783	 668	4367	5940	9454	9273	4098	5406	1916	1441	2091	1532	9643

6956	4659	6912	1795	 894	2808	6537	3320	2165	3977	4030	5676	2121	1315	 935	7173	8977	2574	5975	5676	3148	6542	2876	7487	2125	7065	3440	2285	8359	8493	3323

1548	 252	2944	 414	1016	6917	9104	8639	5941	8226	9835	4922	5928	1452	5284	2473	5658	9311	8556	6793	 481	5222	9061	4671	8062	 663	2367	1669	9760	4441	5302

5153	 465	2552	6343	4195	  75	4555	9913	7154	2014	1612	8850	5962	 854	7924	8755	2016	9895	5104	7591	4225	3351	 579	9762	2999	2081	2322	5969	5072	 699	1683

5139	7566	9839	3006	 648	1050	 134	8029	5465	3961	6145	9313	 682	1735	4809	1197	5677	2395	6477	6492	4103	 797	6790	1679	1335	6912	 314	8786	1492	7539	9944

6064	7009	3192	1050	4625	4659	3282	3564	9714	2531	5816	9159	1417	6846	6244	7492	4899	9415	7501	9047	4999	8139	5456	6022	1168	2124	7795	1139	4666	 689	1069

3517	4535	5944	8272	6728	4583	9488	9092	3451	4737	6947	2986	6182	9034	4161	1114	2464	6404	9319	9753	8275	6768	6394	9062	7875	4845	7999	8925	5218	6154	1082

7233	 703	1420	2293	7616	4292	 916	3939	5118	1997	 789	5377	9615	 768	 690	4245	3246	 586	7816	7243	6995	7523	6724	8496	7967	4954	7282	 733	 938	6501	 760

7236	7958	 182	3336	7918	1530	 722	8781	1043	8133	5701	9706	7281	5584	1226	5519	9483	5744	9041	9935	7704	7922	7522	7400	7437	5605	6859	8222	7455	7037	 950

9354	8573	6196	9293	8783	5653	3861	7778	6965	9697	2367	8676	7643	6802	7266	 724	2170	4059	3239	3457	4405	6410	7884	 464	6827	2698	4566	1004	3858	9178	5500

8385	9359	 564	6545	6460	7608	1821	 627	8494	8777	5882	1414	5822	8719	8172	8907	 886	8698	1784	4403	9274	2618	5621	1475	5598	5117	 811	2710	4748	7729	1918

6372	8791	4103	5602	8694	9903	5039	4719	4505	6922	4991	2961	5415	7851	9674	5410	 694	  34	4947	8725	2550	1317	7693	 638	2725	5997	1697	3189	1074	1701	9404

7675	9741	8569	3858	1218	 351	7326	4507	 712	4499	9334	5568	6077	9669	8522	9590	2965	8643	8675	9468	3197	5922	9056	4826	7837	2900	7126	5408	 750	3517	3641

3094	4638	6175	5002	4652	8328	3338
